750
53 54
275
552 586
463
991 8
797 814
417 466
381
206 214
808 858
114 118
644
309
536
461 475
847 861
91 94
372 392
153 195
341 344
756
423
760 794
801 825
612 625
155 200
834 838
196
304 307
572 583
588
82 85
350 355
455 482
545 577
894 995
915 937
259 285
424 444
874
884 898
784
654
330 345
117 175
522 524
504
329
464 529
857 866
658
279
145
744 837
982 993
574
807
371 388
52 72
958 967
156 157
456
28
929 960
257 269
51 108
401 413
436
973 12
415 438
290 336
661 795
735 740
133 137
868 897
891 903
876 930
10 26
376 394
550
99 130
643 653
873 885
543 581
697 705
716 726
382 405
630 631
443 490
446
199 227
695 737
198 226
615 619
27 88
125
951
570
40 80
162 169
343 384
408 409
182 188
93 115
193
173 252
776
671
328
945 980
617 620
881 912
55 59
128 143
821
589 618
187
773 781
300
393
859
579 585
803
102 123
913
320
841 853
598 600
624 664
277
836
225
947 953
289 339
451
745
98
347
893
626
64 68
301
437 459
677
802
833 835
65 76
297 321
366 385
183 204
15 20
111
769 774
636 637
283
256 402
421
817 846
939
244 273
67 101
151 165
367
662 675
129 134
243 386
977 988
932 956
923
494 537
124 146
743
532
877
236 270
582 590
474 528
30 32
723
627
407 414
840 856
447 458
965 996
634 635
34
470 511
281
221 253
566 573
215 246
209
720 731
45
968 974
669
865
902 916
387
138 231
609 622
580 599
855
25
602
396
670 714
830
567
23
779
48
906
753 758
95 96
852
89
878
829
721 796
949 957
576
365 373
324 363
534 547
944
698 717
389
816 871
159
578 587
247
262 263
763 805
158 161
71 116
812
629
109
820
69 86
368 383
74
100
826
38
551
512 558
750 783
416
398 403
518 525
616
75
765 770
103
286
78
811
19
298
11
800 832
179
364
81
450
562 571
985 999
646
79 84
660 666
90
314
984 49
105 150
224 248
484 498
311
152 180
793 806
144 147
47 61
22
775
441
544 674
538
632 633
296
166
942
541
465 478
469 471
9
426 434
569
645
35
358
233
905
13
606
287
113
604
663
237 264
31 44
755
184
701 703
306 322
961 981
728
533
899
313
531
559
302
472
218 223
87
943 952
272
561
70
909 940
439
348
611
741
219
924
889
288 338
163 168
896
862 872
804
681 689
353 375
97 104
486
190 207
497
230
971
907
688
711 715
809
921
410 422
785
927 934
299
603 696
918 919
546
119 131
334
356
933
683 685
990 36
831
496 523
799
557
509
707
462
481 513
759 789
2 46
352
668 676
29
790
14
476 527
149
331 359
318 327
126 160
468
202
882 911
751 813
333
430
507
391
908
950
397
492 495
292
648
702
888
706
824 828
452 454
16
665 686
305
77
656
849
6 18
412
584
501 503
432 487
709 710
178
839
786
400
530
404
234 238
792
787
729
922
880
521 553
798 892
761
24
260
542 548
979 0
176
614
291 295
171 172
596
485
672
730
181
58 66
197
60
217
595 651
935
164
845
623
502
154
483
540
220
976
815
964
605
433
910 928
139
293
479
938
594
712
431
732
565
83
659 673
310 395
788 883
429
936
678
241
972
699 749
457
886
746
170
754
926
564 568
722
978
844
823
265
271 280
986
539
406
210
250 266
92
657 684
914
810 818
189
724
201
121
848
120
638
325
216
560
771
667
970
575
733
941 946
901 904
21
203
597
517 563
294
850
983
312
917
727
613
167
4
963
7
17
467
228
736
488
975
879 920
739
284
340
778
332
762 782
361
680
473
360
342
499
791
500
647
106
41
700 752
255
992
641
229
232
418 427
900
435
268
516
242 249
679
819
369
112
694
37 57
480
222
514
869
390 428
601 628
261
282
303
692
267
994
141
122
43
508
251
948
50
477
887
987
693
863
757
875
317
335 337
860
5
652
780
955
127
174
704
185 191
346
954
370
39
135
208
254
718
239
708
374
205
766
890
493
851
379
854
240
420
442
610
132
506
315
136
639
445 449
767
867
520
177
549
211
925
140
308
399 419
827
42
411
148
777
194
63
505
278
764
713
870
989
378
864
997
998
192
642
510 535
62
377
274
682
448
107
258
351
591
895
768
640
742
822
142
362
440
719
962
460
772
607 608
326
687
380
245
1
969
453
3
650
489
649
734
555
323
959
515
33
56
593
110
73
931
235
519
725
186
276
554
526
748
212
556
213
621
316
319
349
966
843
354
357
425
655
491
592
842
690
691
738
747
